C:\photo\keras-yolo3/VOCdevkit/VOC2007/JPEGImages/sample01.jpg 398,552,458,665,1 491,551,609,662,0 614,549,729,656,3 734,546,846,650,2 849,545,963,652,0
C:\photo\keras-yolo3/VOCdevkit/VOC2007/JPEGImages/sample02.jpg 358,540,430,678,1 472,537,623,674,0 625,538,772,669,3 775,535,917,667,2 922,533,1065,672,0
C:\photo\keras-yolo3/VOCdevkit/VOC2007/JPEGImages/sample03.jpg 351,551,434,690,1 474,542,623,680,0 632,538,776,675,3 784,533,939,676,2 947,530,1098,678,0
C:\photo\keras-yolo3/VOCdevkit/VOC2007/JPEGImages/sample04.jpg 361,512,434,655,1 476,517,610,650,0 618,516,746,643,3 753,515,896,642,2 902,502,1018,644,0
C:\photo\keras-yolo3/VOCdevkit/VOC2007/JPEGImages/sample05.jpg 262,511,346,682,1 398,519,558,678,0 570,516,724,670,3 735,515,906,669,2 916,498,1058,671,0
C:\photo\keras-yolo3/VOCdevkit/VOC2007/JPEGImages/sample06.jpg 376,541,458,682,1 502,531,654,672,0 664,526,812,665,3 824,517,978,662,2 993,508,1147,658,0
C:\photo\keras-yolo3/VOCdevkit/VOC2007/JPEGImages/sample07.jpg 346,575,411,701,1 451,570,582,694,0 591,568,720,685,3 728,562,851,679,2 859,557,984,679,0
C:\photo\keras-yolo3/VOCdevkit/VOC2007/JPEGImages/sample08.jpg 517,542,568,640,1 598,539,698,634,0 705,538,803,629,3 810,534,906,627,2 912,531,1011,626,0
C:\photo\keras-yolo3/VOCdevkit/VOC2007/JPEGImages/sample09.jpg 356,480,432,633,1 480,476,640,623,0 650,477,804,619,3 812,472,963,615,2 971,468,1122,613,0
C:\photo\keras-yolo3/VOCdevkit/VOC2007/JPEGImages/sample10.jpg 353,538,431,673,1 474,533,618,663,0 627,528,768,663,3 773,524,926,661,2 935,523,1083,663,0
C:\photo\keras-yolo3/VOCdevkit/VOC2007/JPEGImages/sample11.jpg 330,470,414,635,1 466,470,620,625,0 631,464,781,617,3 792,462,956,615,2 967,444,1102,613,0
C:\photo\keras-yolo3/VOCdevkit/VOC2007/JPEGImages/sample12.jpg 461,562,515,656,1 543,557,644,651,0 651,555,749,650,3 756,552,862,651,2 868,551,972,650,0
C:\photo\keras-yolo3/VOCdevkit/VOC2007/JPEGImages/sample13.jpg 424,541,481,647,1 515,539,619,643,0 624,536,725,637,3 731,535,841,635,2 848,523,938,634,0
C:\photo\keras-yolo3/VOCdevkit/VOC2007/JPEGImages/sample14.jpg 292,538,374,695,1 425,535,578,688,0 589,530,737,678,3 748,526,912,674,2 924,509,1055,674,0
C:\photo\keras-yolo3/VOCdevkit/VOC2007/JPEGImages/sample15.jpg 490,553,541,644,1 568,549,666,639,0 673,546,770,638,3 777,543,880,639,2 887,540,986,637,0
C:\photo\keras-yolo3/VOCdevkit/VOC2007/JPEGImages/sample16.jpg 322,530,406,679,1 453,523,615,667,0 629,518,783,664,3 796,512,963,664,2 976,505,1140,663,0
C:\photo\keras-yolo3/VOCdevkit/VOC2007/JPEGImages/sample17.jpg 444,530,497,631,1 529,530,638,628,0 642,531,749,626,3 753,529,857,626,2 863,527,965,627,0
C:\photo\keras-yolo3/VOCdevkit/VOC2007/JPEGImages/sample18.jpg 358,520,438,679,1 492,520,660,674,0 669,522,833,669,3 841,519,1001,668,2 1010,519,1171,674,0
C:\photo\keras-yolo3/VOCdevkit/VOC2007/JPEGImages/sample19.jpg 389,549,475,720,1 533,549,703,713,0 712,543,877,705,3 887,538,1068,702,2 1083,520,1233,702,0
C:\photo\keras-yolo3/VOCdevkit/VOC2007/JPEGImages/sample20.jpg 362,487,432,625,1 478,484,611,617,0 621,479,750,610,3 761,473,904,604,2 914,457,1031,603,0
C:\photo\keras-yolo3/VOCdevkit/VOC2007/JPEGImages/sample21.jpg 447,536,494,627,1 523,535,613,624,0 619,533,706,620,3 712,531,808,618,2 814,521,891,618,0
C:\photo\keras-yolo3/VOCdevkit/VOC2007/JPEGImages/sample22.jpg 358,569,440,717,1 485,563,642,707,0 654,559,804,703,3 813,556,978,706,2 987,555,1149,709,0
C:\photo\keras-yolo3/VOCdevkit/VOC2007/JPEGImages/sample23.jpg 250,550,332,694,1 379,541,537,683,0 549,534,700,675,3 713,528,871,675,2 883,525,1038,675,0
C:\photo\keras-yolo3/VOCdevkit/VOC2007/JPEGImages/sample24.jpg 452,581,505,675,1 534,576,636,670,0 644,572,744,667,3 751,569,859,668,2 866,568,968,669,0
C:\photo\keras-yolo3/VOCdevkit/VOC2007/JPEGImages/sample25.jpg 422,531,495,674,1 543,532,695,670,0 702,535,850,667,3 854,534,1001,668,2 1008,534,1153,675,0
C:\photo\keras-yolo3/VOCdevkit/VOC2007/JPEGImages/sample26.jpg 357,515,427,653,1 473,515,620,649,0 627,517,772,647,3 778,517,919,647,2 925,517,1066,651,0
C:\photo\keras-yolo3/VOCdevkit/VOC2007/JPEGImages/sample27.jpg 448,531,502,641,1 538,528,651,635,0 658,528,770,630,3 776,525,886,628,2 892,522,1002,629,0
C:\photo\keras-yolo3/VOCdevkit/VOC2007/JPEGImages/sample28.jpg 367,498,424,609,1 461,497,570,606,0 578,495,686,601,3 692,493,809,600,2 816,482,910,601,0
C:\photo\keras-yolo3/VOCdevkit/VOC2007/JPEGImages/sample29.jpg 296,479,362,609,1 406,480,534,606,0 543,480,666,602,3 674,480,808,601,2 816,469,923,602,0
C:\photo\keras-yolo3/VOCdevkit/VOC2007/JPEGImages/sample30.jpg 383,508,447,624,1 483,503,606,616,0 615,500,735,615,3 744,496,871,614,2 880,493,1003,614,0
C:\photo\keras-yolo3/VOCdevkit/VOC2007/JPEGImages/sample31.jpg 320,494,397,627,1 438,487,582,620,0 593,484,733,616,3 743,479,892,617,2 902,474,1046,614,0
C:\photo\keras-yolo3/VOCdevkit/VOC2007/JPEGImages/sample32.jpg 366,532,427,650,1 465,532,591,647,0 598,533,723,643,3 727,530,848,641,2 854,529,972,645,0
C:\photo\keras-yolo3/VOCdevkit/VOC2007/JPEGImages/sample33.jpg 328,463,389,588,1 431,463,566,585,0 573,466,706,583,3 713,466,840,584,2 847,465,974,587,0
C:\photo\keras-yolo3/VOCdevkit/VOC2007/JPEGImages/sample34.jpg 269,495,344,644,1 395,496,542,642,0 551,497,695,637,3 703,498,859,639,2 868,486,994,640,0
